region: Europe
subregion: Central Europe
latlng: 47.33333333, 13.33333333
area: 83871
population: 8917205
