region: Americas
subregion: Caribbean
latlng: 13.16666666, -59.53333333
area: 430
population: 287371
