region: Americas
subregion: Caribbean
latlng: 18.431383, -64.62305
area: 151
population: 30237
