region: Americas
subregion: Caribbean
latlng: 12.116667, -68.933333
area: 444
population: 155014
