region: Americas
subregion: Caribbean
latlng: 15.41666666, -61.33333333
area: 751
population: 71991
