region: Americas
subregion: Central America
latlng: 13.83333333, -88.91666666
area: 21041
population: 6486201
