region: Africa
subregion: Western Africa
latlng: 13.46666666, -16.56666666
area: 10689
population: 2416664
