region: Americas
subregion: Caribbean
latlng: 12.11666666, -61.66666666
area: 344
population: 112519
