region: Europe
subregion: Northern Europe
latlng: 49.46666666, -2.58333333
area: 78
population: 62999
