region: Europe
subregion: Southern Europe
latlng: 42.83333333, 12.83333333
area: 301336
population: 59554023
