region: Europe
subregion: Southeast Europe
latlng: 42.666667, 21.166667
area: 10908
population: 1775378
