region: Asia
subregion: Western Asia
latlng: 33.83333333, 35.83333333
area: 10452
population: 6825442
