region: Europe
subregion: Western Europe
latlng: 47.26666666, 9.53333333
area: 160
population: 38137
