region: Oceania
subregion: Polynesia
latlng: -19.03333333, -169.86666666
area: 260
population: 1470
