region: Americas
subregion: Caribbean
latlng: 13.88333333, -60.96666666
area: 616
population: 183629
