region: Oceania
subregion: Polynesia
latlng: -13.58333333, -172.33333333
area: 2842
population: 198410
