region: Africa
subregion: Eastern Africa
latlng: -4.58333333, 55.66666666
area: 452
population: 98462
