region: Europe
subregion: Central Europe
latlng: 46.11666666, 14.81666666
area: 20273
population: 2100126
