region: Asia
subregion: South-Eastern Asia
latlng: -8.83333333, 125.91666666
area: 14874
population: 1318442
